 Prot Square Matrix[EPJ]:                                                                 
      1               2               3               4               5               
 1      4.72811807e+00 -4.28784360e-01 -3.36118951e-01  0.00000000e+00  3.45256616e-09
 2     -4.28784360e-01  4.77940352e+00  8.92211381e-02  0.00000000e+00 -2.26336531e-08
 3     -3.36118951e-01  8.92211381e-02  4.73490243e+00  0.00000000e+00 -5.20844231e-10
 4      0.00000000e+00  0.00000000e+00  0.00000000e+00  4.66540878e+00  0.00000000e+00
 5      3.45256616e-09 -2.26336531e-08 -5.20844231e-10  0.00000000e+00  4.72811807e+00
 6      2.26336531e-08 -1.44982809e-07 -3.41338923e-09  0.00000000e+00  4.28784360e-01
 7     -5.20844231e-10  3.41338923e-09  3.55435230e-09  0.00000000e+00 -3.36118951e-01
 8      0.00000000e+00  0.00000000e+00  0.00000000e+00  3.35328387e-09  0.00000000e+00
                                                                                     
                     6               7               8                               
 1      2.26336531e-08 -5.20844231e-10  0.00000000e+00                               
 2     -1.44982809e-07  3.41338923e-09  0.00000000e+00                               
 3     -3.41338923e-09  3.55435230e-09  0.00000000e+00                               
 4      0.00000000e+00  0.00000000e+00  3.35328387e-09                               
 5      4.28784360e-01 -3.36118951e-01  0.00000000e+00                               
 6      4.77940352e+00 -8.92211381e-02  0.00000000e+00                               
 7     -8.92211381e-02  4.73490243e+00  0.00000000e+00                               
 8      0.00000000e+00  0.00000000e+00  4.66540878e+00                               
                                                                                     
 Prot PauliSpinorOEI[onePDM->S].S:                                                        

      1               2               3               4               5               
 1      5.60854202e-01  3.91158288e-01  3.05437325e-01  0.00000000e+00  1.68028736e-08
 2      3.91158288e-01  2.72806740e-01  2.13022103e-01  0.00000000e+00 -1.98829133e-08
 3      3.05437325e-01  2.13022103e-01  1.66339058e-01  0.00000000e+00  1.90644955e-08
 4      0.00000000e+00  0.00000000e+00  0.00000000e+00  0.00000000e+00  0.00000000e+00
 5      1.68028736e-08 -1.98829133e-08  1.90644955e-08  0.00000000e+00  5.60854202e-01
 6      1.98829160e-08  3.59071410e-08  3.91390977e-09  0.00000000e+00 -3.91158288e-01
 7      1.90644958e-08 -3.91390811e-09  1.57813616e-08  0.00000000e+00  3.05437325e-01
 8      0.00000000e+00  0.00000000e+00  0.00000000e+00  0.00000000e+00  0.00000000e+00
                                                                                     
                     6               7               8                               
 1      1.98829160e-08  1.90644958e-08  0.00000000e+00                               
 2      3.59071410e-08 -3.91390811e-09  0.00000000e+00                               
 3      3.91390977e-09  1.57813616e-08  0.00000000e+00                               
 4      0.00000000e+00  0.00000000e+00  0.00000000e+00                               
 5     -3.91158288e-01  3.05437325e-01  0.00000000e+00                               
 6      2.72806740e-01 -2.13022103e-01  0.00000000e+00                               
 7     -2.13022103e-01  1.66339058e-01  0.00000000e+00                               
 8      0.00000000e+00  0.00000000e+00  0.00000000e+00                               

 Elec Square Matrix[EPJ]:                                                             
      1               2               3               4               5          
 1      8.59503525e-01  2.03447858e-01  0.00000000e+00  1.15657319e-02  0.00000000e+00
 2      2.03447858e-01  8.56458634e-01  0.00000000e+00  1.42485129e-01  0.00000000e+00
 3      0.00000000e+00  0.00000000e+00  8.93835197e-01  0.00000000e+00  0.00000000e+00
 4      1.15657319e-02  1.42485129e-01  0.00000000e+00  8.61962301e-01  0.00000000e+00
 5      0.00000000e+00  0.00000000e+00  0.00000000e+00  0.00000000e+00  8.12165898e-01
 6      3.34252710e-02  3.98724730e-01  3.05952811e-01  2.79454735e-01  0.00000000e+00
 7      3.34252710e-02  3.98724730e-01 -3.05952811e-01  2.79454735e-01  0.00000000e+00
                                                                                 
                     6               7                                           
 1      3.34252710e-02  3.34252710e-02                                           
 2      3.98724730e-01  3.98724730e-01                                           
 3      3.05952811e-01 -3.05952811e-01                                           
 4      2.79454735e-01  2.79454735e-01                                           
 5      0.00000000e+00  0.00000000e+00                                           
 6      1.36705929e+00  1.96812552e-01                                           
 7      1.96812552e-01  1.36705929e+00
 
 Elec PauliSpinorOEI[onePDM->S].S:                                                    
      1               2               3               4               5          
 1      2.13010032e+00 -5.70983090e-01  0.00000000e+00 -4.02953234e-02  0.00000000e+00
 2     -5.70983090e-01  2.50140025e+00  0.00000000e+00  2.37789227e-01  0.00000000e+00
 3      0.00000000e+00  0.00000000e+00  2.26355493e+00  0.00000000e+00  0.00000000e+00
 4     -4.02953234e-02  2.37789227e-01  0.00000000e+00  2.14098808e+00  0.00000000e+00
 5      0.00000000e+00  0.00000000e+00  0.00000000e+00  0.00000000e+00  2.00000000e+00
 6      6.76308923e-02 -2.92526768e-01 -3.10177465e-01 -2.15942553e-01  0.00000000e+00
 7      6.76308923e-02 -2.92526768e-01  3.10177465e-01 -2.15942553e-01  0.00000000e+00
                                                                                 
                     6               7                                           
 1      6.76308923e-02  6.76308923e-02                                           
 2     -2.92526768e-01 -2.92526768e-01                                           
 3     -3.10177465e-01  3.10177465e-01                                           
 4     -2.15942553e-01 -2.15942553e-01                                           
 5      0.00000000e+00  0.00000000e+00                                           
 6      9.34240293e-02  8.41609908e-03                                           
 7      8.41609908e-03  9.34240293e-02 
 
 Elec PauliSpinorOEI[Core Hamiltonian].S:                                             
      1               2               3               4               5          
 1     -6.32305099e+01 -1.47021808e+01  0.00000000e+00  0.00000000e+00  0.00000000e+00
 2     -1.47021808e+01 -1.64875814e+01  0.00000000e+00  0.00000000e+00  0.00000000e+00
 3      0.00000000e+00  0.00000000e+00 -1.29014471e+01  0.00000000e+00  0.00000000e+00
 4      0.00000000e+00  0.00000000e+00  0.00000000e+00 -1.29014471e+01  0.00000000e+00
 5      0.00000000e+00  0.00000000e+00  0.00000000e+00  0.00000000e+00 -1.29014471e+01
 6     -2.40520571e+00 -4.90649012e+00 -2.64571713e+00 -2.06591753e+00  0.00000000e+00
 7     -2.40520571e+00 -4.90649012e+00  2.64571713e+00 -2.06591753e+00  0.00000000e+00
                                                                                 
                     6               7                                           
 1     -2.40520571e+00 -2.40520571e+00                                           
 2     -4.90649012e+00 -4.90649012e+00                                           
 3     -2.64571713e+00  2.64571713e+00                                           
 4     -2.06591753e+00 -2.06591753e+00                                           
 5      0.00000000e+00  0.00000000e+00                                           
 6     -6.01744058e+00 -1.70683835e+00                                           
 7     -1.70683835e+00 -6.01744058e+00
 
 Prot PauliSpinorOEI[Core Hamiltonian].S:                                             
      1               2               3               4               5          
 1      7.70360122e+00 -7.29614756e-01 -5.69722249e-01  0.00000000e+00  5.85843288e-09
 2     -7.29614756e-01  7.80411063e+00  1.62014111e-01  0.00000000e+00 -3.84071203e-08
 3     -5.69722249e-01  1.62014111e-01  7.72313656e+00  0.00000000e+00 -1.15282389e-09
 4      0.00000000e+00  0.00000000e+00  0.00000000e+00  7.59662727e+00  0.00000000e+00
 5      5.85843288e-09 -3.84071203e-08 -1.15282389e-09  0.00000000e+00  7.70360122e+00
 6      3.84071203e-08 -2.46156818e-07 -7.55511232e-09  0.00000000e+00  7.29614756e-01
 7     -1.15282389e-09  7.55511232e-09  6.31099108e-09  0.00000000e+00 -5.69722249e-01
 8      0.00000000e+00  0.00000000e+00  0.00000000e+00  5.63521185e-09  0.00000000e+00
                                                                                 
                     6               7               8                           
 1      3.84071203e-08 -1.15282389e-09  0.00000000e+00                           
 2     -2.46156818e-07  7.55511232e-09  0.00000000e+00                           
 3     -7.55511232e-09  6.31099108e-09  0.00000000e+00                           
 4      0.00000000e+00  0.00000000e+00  5.63521185e-09                           
 5      7.29614756e-01 -5.69722249e-01  0.00000000e+00                           
 6      7.80411063e+00 -1.62014111e-01  0.00000000e+00                           
 7     -1.62014111e-01  7.72313656e+00  0.00000000e+00                           
 8      0.00000000e+00  0.00000000e+00  7.59662727e+00
 
 Prot PauliSpinorOEI[twoeH->S].Z:                                                     
      1               2               3               4               5          
 1     -1.43088672e+00 -8.82749727e-01 -6.89298230e-01  0.00000000e+00 -4.95302639e-09
 2     -8.82749727e-01 -7.32509507e-01 -3.68566878e-01  0.00000000e+00  2.82130282e-09
 3     -6.89298230e-01 -3.68566878e-01 -5.48301106e-01  0.00000000e+00 -5.68311314e-09
 4      0.00000000e+00  0.00000000e+00  0.00000000e+00 -2.60504363e-01  0.00000000e+00
 5     -4.95302639e-09  2.82130282e-09 -5.68311314e-09  0.00000000e+00 -1.43088672e+00
 6     -2.82130364e-09 -5.99067074e-09  3.32974214e-10  0.00000000e+00  8.82749727e-01
 7     -5.68311319e-09 -3.32974718e-10 -4.87796320e-09  0.00000000e+00 -6.89298230e-01
 8      0.00000000e+00  0.00000000e+00  0.00000000e+00  0.00000000e+00  0.00000000e+00
                                                                                 
                     6               7               8                           
 1     -2.82130364e-09 -5.68311319e-09  0.00000000e+00                           
 2     -5.99067074e-09 -3.32974718e-10  0.00000000e+00                           
 3      3.32974214e-10 -4.87796320e-09  0.00000000e+00                           
 4      0.00000000e+00  0.00000000e+00  0.00000000e+00                           
 5      8.82749727e-01 -6.89298230e-01  0.00000000e+00                           
 6     -7.32509507e-01  3.68566878e-01  0.00000000e+00                           
 7      3.68566878e-01 -5.48301106e-01  0.00000000e+00                           
 8      0.00000000e+00  0.00000000e+00 -2.60504363e-01
 
 Prot PauliSpinorOEI[twoeH->S].S:                                                     
      1               2               3               4               5          
 1      3.32755333e+00 -3.35566105e-01 -2.27942229e-01  0.00000000e+00 -3.92868006e-09
 2     -3.35566105e-01  3.50184147e+00 -2.72810012e-01  0.00000000e+00 -3.89182280e-09
 3     -2.27942229e-01 -2.72810012e-01  3.62911482e+00  0.00000000e+00 -5.67196041e-09
 4      0.00000000e+00  0.00000000e+00  0.00000000e+00  3.84181351e+00  0.00000000e+00
 5     -3.92868006e-09 -3.89182280e-09 -5.67196041e-09  0.00000000e+00  3.32755333e+00
 6      3.89182198e-09 -4.89240589e-08  4.06064438e-10  0.00000000e+00  3.35566105e-01
 7     -5.67196045e-09 -4.06064942e-10 -3.87193478e-09  0.00000000e+00 -2.27942229e-01
 8      0.00000000e+00  0.00000000e+00  0.00000000e+00  9.80099442e-10  0.00000000e+00
                                                                                 
                     6               7               8                           
 1      3.89182198e-09 -5.67196045e-09  0.00000000e+00                           
 2     -4.89240589e-08 -4.06064942e-10  0.00000000e+00                           
 3      4.06064438e-10 -3.87193478e-09  0.00000000e+00                           
 4      0.00000000e+00  0.00000000e+00  9.80099442e-10                           
 5      3.35566105e-01 -2.27942229e-01  0.00000000e+00                           
 6      3.50184147e+00  2.72810012e-01  0.00000000e+00                           
 7      2.72810012e-01  3.62911482e+00  0.00000000e+00                           
 8      0.00000000e+00  0.00000000e+00  3.84181351e+00          
 
 Elec PauliSpinorOEI[twoeH->S].S:                                                     
      1               2               3               4               5          
 1      2.75402157e+01  5.41453080e+00  0.00000000e+00  6.02507269e-03  0.00000000e+00
 2      5.41453080e+00  1.48246271e+01  0.00000000e+00 -7.44887409e-03  0.00000000e+00
 3      0.00000000e+00  0.00000000e+00  1.53112666e+01  0.00000000e+00  0.00000000e+00
 4      6.02507269e-03 -7.44887409e-03  0.00000000e+00  1.53142778e+01  0.00000000e+00
 5      0.00000000e+00  0.00000000e+00  0.00000000e+00  0.00000000e+00  1.53165821e+01
 6      8.67209849e-01  4.65823081e+00  3.01454366e+00  2.35331425e+00  0.00000000e+00
 7      8.67209849e-01  4.65823081e+00 -3.01454366e+00  2.35331425e+00  0.00000000e+00
                                                                                 
                     6               7                                           
 1      8.67209849e-01  8.67209849e-01                                           
 2      4.65823081e+00  4.65823081e+00                                           
 3      3.01454366e+00 -3.01454366e+00                                           
 4      2.35331425e+00  2.35331425e+00                                           
 5      0.00000000e+00  0.00000000e+00                                           
 6      8.79430008e+00  1.77317650e+00                                           
 7      1.77317650e+00  8.79430008e+00 
 
   FoFNEOGP          0:                                                                
                 1             2             3             4             5            
       1 -0.231740D-02                                                                
       2  0.859504D+00  0.203448D+00                                                  
       3  0.000000D+00  0.115655D-01  0.000000D+00                                    
       4  0.334316D-01  0.334316D-01  0.229624D-04 -0.328558D-04                      
       5 -0.253556D-04  0.000000D+00  0.229624D-04  0.328558D-04 -0.253556D-04   
       6  0.000000D+00  0.203448D+00  0.853273D+00  0.000000D+00  0.139144D+00   
       7  0.376331D+00  0.376331D+00  0.948630D-01 -0.822251D-01 -0.616731D-01   
       8  0.822251D-01 -0.616731D-01  0.000000D+00  0.000000D+00  0.000000D+00   
                 6             7             8                                        
       6  0.000000D+00                                                                
       7  0.000000D+00  0.948630D-01                                                  
       8  0.888057D+00  0.000000D+00  0.000000D+00