ElecGuessDensity:                                                                  
     1               2               3               4               5          
1      2.13010032e+00 -5.70983090e-01  0.00000000e+00 -4.02953234e-02  0.00000000e+00
2     -5.70983090e-01  2.50140025e+00  0.00000000e+00  2.37789227e-01  0.00000000e+00
3      0.00000000e+00  0.00000000e+00  2.26355493e+00  0.00000000e+00  0.00000000e+00
4     -4.02953234e-02  2.37789227e-01  0.00000000e+00  2.14098808e+00  0.00000000e+00
5      0.00000000e+00  0.00000000e+00  0.00000000e+00  0.00000000e+00  2.00000000e+00
6      6.76308923e-02 -2.92526768e-01 -3.10177465e-01 -2.15942553e-01  0.00000000e+00
7      6.76308923e-02 -2.92526768e-01  3.10177465e-01 -2.15942553e-01  0.00000000e+00
                                                                                
                    6               7                                           
1      6.76308923e-02  6.76308923e-02                                           
2     -2.92526768e-01 -2.92526768e-01                                           
3     -3.10177465e-01  3.10177465e-01                                           
4     -2.15942553e-01 -2.15942553e-01                                           
5      0.00000000e+00  0.00000000e+00                                           
6      9.34240293e-02  8.41609908e-03                                           
7      8.41609908e-03  9.34240293e-02  
